G04 -- output software:jlccam pro  *
G04 -- dbname:*
G04 -- stepname:edit*
G04 -- layer:ts*
*
G04 -- format*
%FSLAX26Y26*%
%MOIN*%
*
G04 -- apertures*
G04 A1ts - edit.0.from.i274x.RoundRect.d10+inc0.6x0x00*
%AMA1TS*
4,1,36,
0.036328,-0.051088,
0.038230,-0.050511,
0.039984,-0.049573,
0.041521,-0.048312,
0.042782,-0.046775,
0.043719,-0.045022,
0.044296,-0.043119,
0.044489,-0.041156,
0.044489,0.041156,
0.044296,0.043119,
0.043719,0.045022,
0.042782,0.046775,
0.041521,0.048312,
0.039984,0.049573,
0.038230,0.050511,
0.036328,0.051088,
0.034365,0.051281,
-0.034365,0.051281,
-0.036328,0.051088,
-0.038230,0.050511,
-0.039984,0.049573,
-0.041521,0.048312,
-0.042782,0.046775,
-0.043719,0.045022,
-0.044296,0.043119,
-0.044489,0.041156,
-0.044489,-0.041156,
-0.044296,-0.043119,
-0.043719,-0.045022,
-0.042782,-0.046775,
-0.041521,-0.048312,
-0.039984,-0.049573,
-0.038230,-0.050511,
-0.036328,-0.051088,
-0.034365,-0.051281,
0.034365,-0.051281,
0.036328,-0.051088,
0.000*
%
%ADD10A1TS*%
%ADD11C,0.221064*%
G04 A2ts - edit.0.from.i274x.RoundRect.d12+inc-7.2x0x00*
%AMA2TS*
4,1,11,
0.039451,-0.018127,
0.039719,-0.017947,
0.039805,-0.017539,
0.039755,0.017879,
0.039525,0.018104,
-0.039193,0.018152,
-0.039666,0.018011,
-0.039805,0.017539,
-0.039755,-0.017879,
-0.039525,-0.018104,
0.039193,-0.018152,
0.039451,-0.018127,
0.000*
%
%ADD12A2TS*%
G04 A3ts - edit.0.from.i274x.RoundRect.d14+inc0.6x0x00*
%AMA3TS*
4,1,36,
0.020678,-0.023233,
0.022581,-0.022656,
0.024334,-0.021719,
0.025871,-0.020458,
0.027132,-0.018921,
0.028070,-0.017167,
0.028647,-0.015265,
0.028840,-0.013302,
0.028840,0.013302,
0.028647,0.015265,
0.028070,0.017167,
0.027132,0.018921,
0.025871,0.020458,
0.024334,0.021719,
0.022581,0.022656,
0.020678,0.023233,
0.018715,0.023426,
-0.018715,0.023426,
-0.020678,0.023233,
-0.022581,0.022656,
-0.024334,0.021719,
-0.025871,0.020458,
-0.027132,0.018921,
-0.028070,0.017167,
-0.028647,0.015265,
-0.028840,0.013302,
-0.028840,-0.013302,
-0.028647,-0.015265,
-0.028070,-0.017167,
-0.027132,-0.018921,
-0.025871,-0.020458,
-0.024334,-0.021719,
-0.022581,-0.022656,
-0.020678,-0.023233,
-0.018715,-0.023426,
0.018715,-0.023426,
0.020678,-0.023233,
0.000*
%
%ADD13A3TS*%
%ADD14C,0.039960*%
G04 A4ts - edit.0.from.i274x.RoundRect.d16+inc0.6x0x00*
%AMA4TS*
4,1,36,
0.019694,-0.023725,
0.021597,-0.023148,
0.023350,-0.022211,
0.024887,-0.020950,
0.026148,-0.019413,
0.027085,-0.017660,
0.027662,-0.015757,
0.027856,-0.013794,
0.027856,0.013794,
0.027662,0.015757,
0.027085,0.017660,
0.026148,0.019413,
0.024887,0.020950,
0.023350,0.022211,
0.021597,0.023148,
0.019694,0.023725,
0.017731,0.023919,
-0.017731,0.023919,
-0.019694,0.023725,
-0.021597,0.023148,
-0.023350,0.022211,
-0.024887,0.020950,
-0.026148,0.019413,
-0.027085,0.017660,
-0.027662,0.015757,
-0.027856,0.013794,
-0.027856,-0.013794,
-0.027662,-0.015757,
-0.027085,-0.017660,
-0.026148,-0.019413,
-0.024887,-0.020950,
-0.023350,-0.022211,
-0.021597,-0.023148,
-0.019694,-0.023725,
-0.017731,-0.023919,
0.017731,-0.023919,
0.019694,-0.023725,
0.000*
%
%ADD15A4TS*%
G04 A5ts - edit.0.from.i274x.RoundRect.d17+inc0.6x0x00*
%AMA5TS*
4,1,36,
0.015757,-0.027662,
0.017660,-0.027085,
0.019413,-0.026148,
0.020950,-0.024887,
0.022211,-0.023350,
0.023148,-0.021597,
0.023725,-0.019694,
0.023919,-0.017731,
0.023919,0.017731,
0.023725,0.019694,
0.023148,0.021597,
0.022211,0.023350,
0.020950,0.024887,
0.019413,0.026148,
0.017660,0.027085,
0.015757,0.027662,
0.013794,0.027856,
-0.013794,0.027856,
-0.015757,0.027662,
-0.017660,0.027085,
-0.019413,0.026148,
-0.020950,0.024887,
-0.022211,0.023350,
-0.023148,0.021597,
-0.023725,0.019694,
-0.023919,0.017731,
-0.023919,-0.017731,
-0.023725,-0.019694,
-0.023148,-0.021597,
-0.022211,-0.023350,
-0.020950,-0.024887,
-0.019413,-0.026148,
-0.017660,-0.027085,
-0.015757,-0.027662,
-0.013794,-0.027856,
0.013794,-0.027856,
0.015757,-0.027662,
0.000*
%
%ADD16A5TS*%
G04 A6ts - edit.0.from.i274x.RoundRect.d19+inc0.6x0x00*
%AMA6TS*
4,1,36,
0.019694,-0.022741,
0.021597,-0.022164,
0.023350,-0.021227,
0.024887,-0.019965,
0.026148,-0.018429,
0.027085,-0.016675,
0.027662,-0.014773,
0.027856,-0.012810,
0.027856,0.012810,
0.027662,0.014773,
0.027085,0.016675,
0.026148,0.018429,
0.024887,0.019965,
0.023350,0.021227,
0.021597,0.022164,
0.019694,0.022741,
0.017731,0.022934,
-0.017731,0.022934,
-0.019694,0.022741,
-0.021597,0.022164,
-0.023350,0.021227,
-0.024887,0.019965,
-0.026148,0.018429,
-0.027085,0.016675,
-0.027662,0.014773,
-0.027856,0.012810,
-0.027856,-0.012810,
-0.027662,-0.014773,
-0.027085,-0.016675,
-0.026148,-0.018429,
-0.024887,-0.019965,
-0.023350,-0.021227,
-0.021597,-0.022164,
-0.019694,-0.022741,
-0.017731,-0.022934,
0.017731,-0.022934,
0.019694,-0.022741,
0.000*
%
%ADD17A6TS*%
G04 A7ts - edit.0.from.i274x.RoundRect.d20+inc-7.2x0x00*
%AMA7TS*
4,1,11,
0.046149,-0.030527,
0.046411,-0.030349,
0.046498,-0.029941,
0.046498,0.029941,
0.046294,0.030467,
-0.045885,0.030553,
-0.046359,0.030414,
-0.046498,0.029941,
-0.046498,-0.029941,
-0.046294,-0.030467,
0.045885,-0.030553,
0.046149,-0.030527,
0.000*
%
%ADD18A7TS*%
G04 A8ts - edit.0.from.i274x.RoundRect.d21+inc-7.2x0x00*
%AMA8TS*
4,1,11,
0.029804,-0.045883,
0.030073,-0.045703,
0.030160,-0.045288,
0.030073,0.045703,
0.029547,0.045908,
-0.029547,0.045908,
-0.030017,0.045770,
-0.030160,0.045288,
-0.030073,-0.045703,
-0.029547,-0.045908,
0.029547,-0.045908,
0.029804,-0.045883,
0.000*
%
%ADD19A8TS*%
G04 A9ts - edit.0.from.i274x.RoundRect.d22+inc0.6x0x00*
%AMA9TS*
4,1,36,
0.027568,-0.026186,
0.029471,-0.025609,
0.031224,-0.024671,
0.032761,-0.023410,
0.034022,-0.021874,
0.034959,-0.020120,
0.035536,-0.018218,
0.035730,-0.016255,
0.035730,0.016255,
0.035536,0.018218,
0.034959,0.020120,
0.034022,0.021874,
0.032761,0.023410,
0.031224,0.024671,
0.029471,0.025609,
0.027568,0.026186,
0.025605,0.026379,
-0.025605,0.026379,
-0.027568,0.026186,
-0.029471,0.025609,
-0.031224,0.024671,
-0.032761,0.023410,
-0.034022,0.021874,
-0.034959,0.020120,
-0.035536,0.018218,
-0.035730,0.016255,
-0.035730,-0.016255,
-0.035536,-0.018218,
-0.034959,-0.020120,
-0.034022,-0.021874,
-0.032761,-0.023410,
-0.031224,-0.024671,
-0.029471,-0.025609,
-0.027568,-0.026186,
-0.025605,-0.026379,
0.025605,-0.026379,
0.027568,-0.026186,
0.000*
%
%ADD20A9TS*%
%ADD21C,0.005906*%
*
G75*
G90*
*
G54D10*
G04 DEPTH 1*
%LPD*%
D10*
X319835Y2316880D03*
X572394D03*
D11*
X157433Y2519636D03*
D12*
X1734205Y1619242D03*
Y1569242D03*
Y1519242D03*
Y1469242D03*
Y1419242D03*
Y1369242D03*
Y1319242D03*
Y1269242D03*
Y828297D03*
Y778297D03*
Y728297D03*
X2364126D03*
Y778297D03*
Y828297D03*
Y1269242D03*
Y1319242D03*
Y1369242D03*
Y1419242D03*
Y1469242D03*
Y1519242D03*
Y1569242D03*
Y1619242D03*
D13*
X212157Y1927608D03*
Y2009301D03*
X2494835Y1362155D03*
Y1280462D03*
D14*
X2026724Y477903D03*
D11*
X2519638Y2519636D03*
D15*
X2611370Y1351919D03*
Y1430659D03*
D16*
X224362Y1716880D03*
X145622D03*
D15*
X1405071Y1709399D03*
Y1630659D03*
D13*
X2492472Y1546407D03*
Y1628100D03*
D17*
X1404283Y132628D03*
Y213336D03*
D13*
X1406646Y1821703D03*
Y1903396D03*
D18*
X336961Y2016880D03*
Y1916880D03*
Y1816880D03*
Y1716880D03*
Y1616880D03*
Y1516880D03*
Y1416880D03*
D19*
X540307Y616486D03*
X640307D03*
X973378D03*
X1073378D03*
D18*
X1276724Y1416880D03*
Y1516880D03*
Y1616880D03*
Y1716880D03*
Y1816880D03*
Y1916880D03*
Y2016880D03*
D15*
X1405465Y352707D03*
Y431447D03*
D14*
X1453890Y534990D03*
D11*
X2519638Y157431D03*
X157433D03*
D20*
X2610583Y1525738D03*
Y1648770D03*
D21*
G01*
X-47Y2519636D02*
Y157431D01*
X2677118D02*
Y2519636D01*
Y157431D02*
G02X2519638Y-49I-157479D01*
G01*
X157433D02*
X2519638D01*
Y2677116D02*
X157433D01*
X-47Y2519636D02*
G02X157433Y2677116I157480D01*
Y-49D02*
G02X-47Y157431J157480D01*
X2519638Y2677116D02*
G02X2677118Y2519636J-157479D01*
G04 DEPTH 0*
M02*