G04 -- output software:jlccam pro v3.4.3 *
G04 -- dbname:*
G04 -- stepname:edit*
G04 -- layer:ts*
*
G04 -- format*
%FSLAX26Y26*%
%MOIN*%
*
G04 -- apertures*
G04 A1ts - edit.0.from.i274x.RoundRect.d10+inc1.0x0x00*
%AMA1TS*
4,1,36,
0.014812,-0.027857,
0.016751,-0.027269,
0.018539,-0.026314,
0.020106,-0.025028,
0.021393,-0.023460,
0.022348,-0.021673,
0.022936,-0.019733,
0.023132,-0.017740,
0.023132,0.017740,
0.022936,0.019733,
0.022348,0.021673,
0.021393,0.023460,
0.020106,0.025028,
0.018539,0.026314,
0.016751,0.027269,
0.014812,0.027857,
0.012819,0.028054,
-0.012819,0.028054,
-0.014812,0.027857,
-0.016751,0.027269,
-0.018539,0.026314,
-0.020106,0.025028,
-0.021393,0.023460,
-0.022348,0.021673,
-0.022936,0.019733,
-0.023132,0.017740,
-0.023132,-0.017740,
-0.022936,-0.019733,
-0.022348,-0.021673,
-0.021393,-0.023460,
-0.020106,-0.025028,
-0.018539,-0.026314,
-0.016751,-0.027269,
-0.014812,-0.027857,
-0.012819,-0.028054,
0.012819,-0.028054,
0.014812,-0.027857,
0.000*
%
%ADD10A1TS*%
G04 A2ts - edit.0.from.i274x.RoundRect.d11+inc1.0x0x00*
%AMA2TS*
4,1,36,
0.065009,-0.021952,
0.066948,-0.021364,
0.068736,-0.020408,
0.070303,-0.019122,
0.071589,-0.017555,
0.072545,-0.015767,
0.073133,-0.013828,
0.073329,-0.011835,
0.073329,0.011835,
0.073133,0.013828,
0.072545,0.015767,
0.071589,0.017555,
0.070303,0.019122,
0.068736,0.020408,
0.066948,0.021364,
0.065009,0.021952,
0.063016,0.022148,
-0.063016,0.022148,
-0.065009,0.021952,
-0.066948,0.021364,
-0.068736,0.020408,
-0.070303,0.019122,
-0.071589,0.017555,
-0.072545,0.015767,
-0.073133,0.013828,
-0.073329,0.011835,
-0.073329,-0.011835,
-0.073133,-0.013828,
-0.072545,-0.015767,
-0.071589,-0.017555,
-0.070303,-0.019122,
-0.068736,-0.020408,
-0.066948,-0.021364,
-0.065009,-0.021952,
-0.063016,-0.022148,
0.063016,-0.022148,
0.065009,-0.021952,
0.000*
%
%ADD11A2TS*%
G04 A3ts - edit.0.from.i274x.RoundRect.d12+inc1.0x0x00*
%AMA3TS*
4,1,36,
0.015796,-0.027857,
0.017736,-0.027269,
0.019523,-0.026314,
0.021091,-0.025028,
0.022377,-0.023460,
0.023332,-0.021673,
0.023920,-0.019733,
0.024117,-0.017740,
0.024117,0.017740,
0.023920,0.019733,
0.023332,0.021673,
0.022377,0.023460,
0.021091,0.025028,
0.019523,0.026314,
0.017736,0.027269,
0.015796,0.027857,
0.013803,0.028054,
-0.013803,0.028054,
-0.015796,0.027857,
-0.017736,0.027269,
-0.019523,0.026314,
-0.021091,0.025028,
-0.022377,0.023460,
-0.023332,0.021673,
-0.023920,0.019733,
-0.024117,0.017740,
-0.024117,-0.017740,
-0.023920,-0.019733,
-0.023332,-0.021673,
-0.022377,-0.023460,
-0.021091,-0.025028,
-0.019523,-0.026314,
-0.017736,-0.027269,
-0.015796,-0.027857,
-0.013803,-0.028054,
0.013803,-0.028054,
0.015796,-0.027857,
0.000*
%
%ADD12A3TS*%
G04 A4ts - edit.0.from.i274x.RoundRect.d13+inc1.0x0x00*
%AMA4TS*
4,1,36,
0.041387,-0.035731,
0.043326,-0.035143,
0.045114,-0.034188,
0.046681,-0.032902,
0.047967,-0.031334,
0.048923,-0.029547,
0.049511,-0.027607,
0.049707,-0.025614,
0.049707,0.025614,
0.049511,0.027607,
0.048923,0.029547,
0.047967,0.031334,
0.046681,0.032902,
0.045114,0.034188,
0.043326,0.035143,
0.041387,0.035731,
0.039394,0.035928,
-0.039394,0.035928,
-0.041387,0.035731,
-0.043326,0.035143,
-0.045114,0.034188,
-0.046681,0.032902,
-0.047967,0.031334,
-0.048923,0.029547,
-0.049511,0.027607,
-0.049707,0.025614,
-0.049707,-0.025614,
-0.049511,-0.027607,
-0.048923,-0.029547,
-0.047967,-0.031334,
-0.046681,-0.032902,
-0.045114,-0.034188,
-0.043326,-0.035143,
-0.041387,-0.035731,
-0.039394,-0.035928,
0.039394,-0.035928,
0.041387,-0.035731,
0.000*
%
%ADD13A4TS*%
G04 A5ts - edit.0.from.i274x.RoundRect.d14+inc1.0x0x00*
%AMA5TS*
4,1,36,
0.018257,-0.053448,
0.020196,-0.052860,
0.021984,-0.051904,
0.023551,-0.050618,
0.024837,-0.049051,
0.025793,-0.047263,
0.026381,-0.045324,
0.026577,-0.043331,
0.026577,0.043331,
0.026381,0.045324,
0.025793,0.047263,
0.024837,0.049051,
0.023551,0.050618,
0.021984,0.051904,
0.020196,0.052860,
0.018257,0.053448,
0.016264,0.053644,
-0.016264,0.053644,
-0.018257,0.053448,
-0.020196,0.052860,
-0.021984,0.051904,
-0.023551,0.050618,
-0.024837,0.049051,
-0.025793,0.047263,
-0.026381,0.045324,
-0.026577,0.043331,
-0.026577,-0.043331,
-0.026381,-0.045324,
-0.025793,-0.047263,
-0.024837,-0.049051,
-0.023551,-0.050618,
-0.021984,-0.051904,
-0.020196,-0.052860,
-0.018257,-0.053448,
-0.016264,-0.053644,
0.016264,-0.053644,
0.018257,-0.053448,
0.000*
%
%ADD14A5TS*%
G04 A6ts - edit.0.from.i274x.RoundRect.d15+inc1.0x0x00*
%AMA6TS*
4,1,36,
0.021997,-0.047346,
0.023936,-0.046758,
0.025724,-0.045802,
0.027292,-0.044516,
0.028578,-0.042948,
0.029533,-0.041161,
0.030121,-0.039221,
0.030317,-0.037228,
0.030317,0.037228,
0.030121,0.039221,
0.029533,0.041161,
0.028578,0.042948,
0.027292,0.044516,
0.025724,0.045802,
0.023936,0.046758,
0.021997,0.047346,
0.020004,0.047542,
-0.020004,0.047542,
-0.021997,0.047346,
-0.023936,0.046758,
-0.025724,0.045802,
-0.027292,0.044516,
-0.028578,0.042948,
-0.029533,0.041161,
-0.030121,0.039221,
-0.030317,0.037228,
-0.030317,-0.037228,
-0.030121,-0.039221,
-0.029533,-0.041161,
-0.028578,-0.042948,
-0.027292,-0.044516,
-0.025724,-0.045802,
-0.023936,-0.046758,
-0.021997,-0.047346,
-0.020004,-0.047542,
0.020004,-0.047542,
0.021997,-0.047346,
0.000*
%
%ADD15A6TS*%
G04 A7ts - edit.0.from.i274x.RoundRect.d16+inc1.0x0x00*
%AMA7TS*
4,1,36,
0.007154,-0.026457,
0.008355,-0.026093,
0.009462,-0.025501,
0.010433,-0.024704,
0.011229,-0.023734,
0.011821,-0.022627,
0.012185,-0.021426,
0.012306,-0.020201,
0.012306,0.020201,
0.012185,0.021426,
0.011821,0.022627,
0.011229,0.023734,
0.010433,0.024704,
0.009462,0.025501,
0.008355,0.026093,
0.007154,0.026457,
0.005929,0.026577,
-0.005929,0.026577,
-0.007154,0.026457,
-0.008355,0.026093,
-0.009462,0.025501,
-0.010433,0.024704,
-0.011229,0.023734,
-0.011821,0.022627,
-0.012185,0.021426,
-0.012306,0.020201,
-0.012306,-0.020201,
-0.012185,-0.021426,
-0.011821,-0.022627,
-0.011229,-0.023734,
-0.010433,-0.024704,
-0.009462,-0.025501,
-0.008355,-0.026093,
-0.007154,-0.026457,
-0.005929,-0.026577,
0.005929,-0.026577,
0.007154,-0.026457,
0.000*
%
%ADD16A7TS*%
G04 A8ts - edit.0.from.i274x.RoundRect.d17+inc1.0x0x00*
%AMA8TS*
4,1,36,
0.045324,-0.026381,
0.047263,-0.025793,
0.049051,-0.024837,
0.050618,-0.023551,
0.051904,-0.021984,
0.052860,-0.020196,
0.053448,-0.018257,
0.053644,-0.016264,
0.053644,0.016264,
0.053448,0.018257,
0.052860,0.020196,
0.051904,0.021984,
0.050618,0.023551,
0.049051,0.024837,
0.047263,0.025793,
0.045324,0.026381,
0.043331,0.026577,
-0.043331,0.026577,
-0.045324,0.026381,
-0.047263,0.025793,
-0.049051,0.024837,
-0.050618,0.023551,
-0.051904,0.021984,
-0.052860,0.020196,
-0.053448,0.018257,
-0.053644,0.016264,
-0.053644,-0.016264,
-0.053448,-0.018257,
-0.052860,-0.020196,
-0.051904,-0.021984,
-0.050618,-0.023551,
-0.049051,-0.024837,
-0.047263,-0.025793,
-0.045324,-0.026381,
-0.043331,-0.026577,
0.043331,-0.026577,
0.045324,-0.026381,
0.000*
%
%ADD17A8TS*%
%ADD18C,0.221458*%
G04 A9ts - edit.0.from.i274x.RoundRect.d32+inc-7.0x0x00*
%AMA9TS*
4,1,13,
0.042907,-0.043281,
0.043211,-0.043077,
0.043307,-0.042643,
0.043307,0.042643,
0.043151,0.043151,
0.042643,0.043307,
-0.042643,0.043307,
-0.043151,0.043151,
-0.043307,0.042643,
-0.043307,-0.042643,
-0.043151,-0.043151,
-0.042643,-0.043307,
0.042643,-0.043307,
0.042907,-0.043281,
0.000*
%
%ADD19A9TS*%
%ADD20C,0.086614*%
%ADD21C,0.040354*%
G04 A10ts - edit.0.from.i274x.RoundRect.d24+inc1.0x0x00*
%AMA10TS*
4,1,36,
0.013828,-0.073133,
0.015767,-0.072545,
0.017555,-0.071589,
0.019122,-0.070303,
0.020408,-0.068736,
0.021364,-0.066948,
0.021952,-0.065009,
0.022148,-0.063016,
0.022148,0.063016,
0.021952,0.065009,
0.021364,0.066948,
0.020408,0.068736,
0.019122,0.070303,
0.017555,0.071589,
0.015767,0.072545,
0.013828,0.073133,
0.011835,0.073329,
-0.011835,0.073329,
-0.013828,0.073133,
-0.015767,0.072545,
-0.017555,0.071589,
-0.019122,0.070303,
-0.020408,0.068736,
-0.021364,0.066948,
-0.021952,0.065009,
-0.022148,0.063016,
-0.022148,-0.063016,
-0.021952,-0.065009,
-0.021364,-0.066948,
-0.020408,-0.068736,
-0.019122,-0.070303,
-0.017555,-0.071589,
-0.015767,-0.072545,
-0.013828,-0.073133,
-0.011835,-0.073329,
0.011835,-0.073329,
0.013828,-0.073133,
0.000*
%
%ADD22A10TS*%
G04 A11ts - edit.0.from.i274x.RoundRect.d26+inc1.0x0x00*
%AMA11TS*
4,1,36,
0.039221,-0.030121,
0.041161,-0.029533,
0.042948,-0.028578,
0.044516,-0.027292,
0.045802,-0.025724,
0.046758,-0.023936,
0.047346,-0.021997,
0.047542,-0.020004,
0.047542,0.020004,
0.047346,0.021997,
0.046758,0.023936,
0.045802,0.025724,
0.044516,0.027292,
0.042948,0.028578,
0.041161,0.029533,
0.039221,0.030121,
0.037228,0.030317,
-0.037228,0.030317,
-0.039221,0.030121,
-0.041161,0.029533,
-0.042948,0.028578,
-0.044516,0.027292,
-0.045802,0.025724,
-0.046758,0.023936,
-0.047346,0.021997,
-0.047542,0.020004,
-0.047542,-0.020004,
-0.047346,-0.021997,
-0.046758,-0.023936,
-0.045802,-0.025724,
-0.044516,-0.027292,
-0.042948,-0.028578,
-0.041161,-0.029533,
-0.039221,-0.030121,
-0.037228,-0.030317,
0.037228,-0.030317,
0.039221,-0.030121,
0.000*
%
%ADD23A11TS*%
G04 A12ts - edit.0.from.i274x.RoundRect.d27+inc1.0x0x00*
%AMA12TS*
4,1,36,
0.015304,-0.028842,
0.017243,-0.028254,
0.019031,-0.027298,
0.020599,-0.026012,
0.021885,-0.024444,
0.022840,-0.022657,
0.023428,-0.020717,
0.023624,-0.018724,
0.023624,0.018724,
0.023428,0.020717,
0.022840,0.022657,
0.021885,0.024444,
0.020599,0.026012,
0.019031,0.027298,
0.017243,0.028254,
0.015304,0.028842,
0.013311,0.029038,
-0.013311,0.029038,
-0.015304,0.028842,
-0.017243,0.028254,
-0.019031,0.027298,
-0.020599,0.026012,
-0.021885,0.024444,
-0.022840,0.022657,
-0.023428,0.020717,
-0.023624,0.018724,
-0.023624,-0.018724,
-0.023428,-0.020717,
-0.022840,-0.022657,
-0.021885,-0.024444,
-0.020599,-0.026012,
-0.019031,-0.027298,
-0.017243,-0.028254,
-0.015304,-0.028842,
-0.013311,-0.029038,
0.013311,-0.029038,
0.015304,-0.028842,
0.000*
%
%ADD24A12TS*%
G04 A13ts - edit.0.from.i274x.RoundRect.d28+inc1.0x0x00*
%AMA13TS*
4,1,36,
0.028808,-0.012185,
0.030008,-0.011821,
0.031115,-0.011229,
0.032086,-0.010433,
0.032883,-0.009462,
0.033475,-0.008355,
0.033839,-0.007154,
0.033959,-0.005929,
0.033959,0.005929,
0.033839,0.007154,
0.033475,0.008355,
0.032883,0.009462,
0.032086,0.010433,
0.031115,0.011229,
0.030008,0.011821,
0.028808,0.012185,
0.027583,0.012306,
-0.027583,0.012306,
-0.028808,0.012185,
-0.030008,0.011821,
-0.031115,0.011229,
-0.032086,0.010433,
-0.032883,0.009462,
-0.033475,0.008355,
-0.033839,0.007154,
-0.033959,0.005929,
-0.033959,-0.005929,
-0.033839,-0.007154,
-0.033475,-0.008355,
-0.032883,-0.009462,
-0.032086,-0.010433,
-0.031115,-0.011229,
-0.030008,-0.011821,
-0.028808,-0.012185,
-0.027583,-0.012306,
0.027583,-0.012306,
0.028808,-0.012185,
0.000*
%
%ADD25A13TS*%
G04 A14ts - edit.0.from.i274x.RoundRect.d29+inc1.0x0x00*
%AMA14TS*
4,1,36,
0.045324,-0.019983,
0.047263,-0.019395,
0.049051,-0.018440,
0.050618,-0.017154,
0.051904,-0.015586,
0.052860,-0.013799,
0.053448,-0.011859,
0.053644,-0.009866,
0.053644,0.009866,
0.053448,0.011859,
0.052860,0.013799,
0.051904,0.015586,
0.050618,0.017154,
0.049051,0.018440,
0.047263,0.019395,
0.045324,0.019983,
0.043331,0.020180,
-0.043331,0.020180,
-0.045324,0.019983,
-0.047263,0.019395,
-0.049051,0.018440,
-0.050618,0.017154,
-0.051904,0.015586,
-0.052860,0.013799,
-0.053448,0.011859,
-0.053644,0.009866,
-0.053644,-0.009866,
-0.053448,-0.011859,
-0.052860,-0.013799,
-0.051904,-0.015586,
-0.050618,-0.017154,
-0.049051,-0.018440,
-0.047263,-0.019395,
-0.045324,-0.019983,
-0.043331,-0.020180,
0.043331,-0.020180,
0.045324,-0.019983,
0.000*
%
%ADD26A14TS*%
G04 A15ts - edit.0.from.i274x.RoundRect.d30+inc1.0x0x00*
%AMA15TS*
4,1,36,
0.007154,-0.029409,
0.008355,-0.029045,
0.009462,-0.028454,
0.010433,-0.027657,
0.011229,-0.026686,
0.011821,-0.025579,
0.012185,-0.024379,
0.012306,-0.023153,
0.012306,0.023153,
0.012185,0.024379,
0.011821,0.025579,
0.011229,0.026686,
0.010433,0.027657,
0.009462,0.028454,
0.008355,0.029045,
0.007154,0.029409,
0.005929,0.029530,
-0.005929,0.029530,
-0.007154,0.029409,
-0.008355,0.029045,
-0.009462,0.028454,
-0.010433,0.027657,
-0.011229,0.026686,
-0.011821,0.025579,
-0.012185,0.024379,
-0.012306,0.023153,
-0.012306,-0.023153,
-0.012185,-0.024379,
-0.011821,-0.025579,
-0.011229,-0.026686,
-0.010433,-0.027657,
-0.009462,-0.028454,
-0.008355,-0.029045,
-0.007154,-0.029409,
-0.005929,-0.029530,
0.005929,-0.029530,
0.007154,-0.029409,
0.000*
%
%ADD27A15TS*%
G04 A16ts - edit.0.from.i274x.RoundRect.d31+inc1.0x0x00*
%AMA16TS*
4,1,36,
0.019733,-0.023920,
0.021673,-0.023332,
0.023460,-0.022377,
0.025028,-0.021091,
0.026314,-0.019523,
0.027269,-0.017736,
0.027857,-0.015796,
0.028054,-0.013803,
0.028054,0.013803,
0.027857,0.015796,
0.027269,0.017736,
0.026314,0.019523,
0.025028,0.021091,
0.023460,0.022377,
0.021673,0.023332,
0.019733,0.023920,
0.017740,0.024117,
-0.017740,0.024117,
-0.019733,0.023920,
-0.021673,0.023332,
-0.023460,0.022377,
-0.025028,0.021091,
-0.026314,0.019523,
-0.027269,0.017736,
-0.027857,0.015796,
-0.028054,0.013803,
-0.028054,-0.013803,
-0.027857,-0.015796,
-0.027269,-0.017736,
-0.026314,-0.019523,
-0.025028,-0.021091,
-0.023460,-0.022377,
-0.021673,-0.023332,
-0.019733,-0.023920,
-0.017740,-0.024117,
0.017740,-0.024117,
0.019733,-0.023920,
0.000*
%
%ADD28A16TS*%
%ADD29C,0.035434*%
%ADD30R,0.024606X0.058071*%
%ADD31R,0.012795X0.058071*%
%ADD32O,0.041457X0.084764*%
%ADD33O,0.039370X0.062992*%
G04 A17ts - edit.0.from.i274x.RoundRect.d42+inc1.0x0x00*
%AMA17TS*
4,1,36,
0.007154,-0.033839,
0.008355,-0.033475,
0.009462,-0.032883,
0.010433,-0.032086,
0.011229,-0.031115,
0.011821,-0.030008,
0.012185,-0.028808,
0.012306,-0.027583,
0.012306,0.027583,
0.012185,0.028808,
0.011821,0.030008,
0.011229,0.031115,
0.010433,0.032086,
0.009462,0.032883,
0.008355,0.033475,
0.007154,0.033839,
0.005929,0.033959,
-0.005929,0.033959,
-0.007154,0.033839,
-0.008355,0.033475,
-0.009462,0.032883,
-0.010433,0.032086,
-0.011229,0.031115,
-0.011821,0.030008,
-0.012185,0.028808,
-0.012306,0.027583,
-0.012306,-0.027583,
-0.012185,-0.028808,
-0.011821,-0.030008,
-0.011229,-0.031115,
-0.010433,-0.032086,
-0.009462,-0.032883,
-0.008355,-0.033475,
-0.007154,-0.033839,
-0.005929,-0.033959,
0.005929,-0.033959,
0.007154,-0.033839,
0.000*
%
%ADD34A17TS*%
G04 A18ts - edit.0.from.i274x.RoundRect.d43+inc1.0x0x00*
%AMA18TS*
4,1,36,
0.011859,-0.053448,
0.013799,-0.052860,
0.015586,-0.051904,
0.017154,-0.050618,
0.018440,-0.049051,
0.019395,-0.047263,
0.019983,-0.045324,
0.020180,-0.043331,
0.020180,0.043331,
0.019983,0.045324,
0.019395,0.047263,
0.018440,0.049051,
0.017154,0.050618,
0.015586,0.051904,
0.013799,0.052860,
0.011859,0.053448,
0.009866,0.053644,
-0.009866,0.053644,
-0.011859,0.053448,
-0.013799,0.052860,
-0.015586,0.051904,
-0.017154,0.050618,
-0.018440,0.049051,
-0.019395,0.047263,
-0.019983,0.045324,
-0.020180,0.043331,
-0.020180,-0.043331,
-0.019983,-0.045324,
-0.019395,-0.047263,
-0.018440,-0.049051,
-0.017154,-0.050618,
-0.015586,-0.051904,
-0.013799,-0.052860,
-0.011859,-0.053448,
-0.009866,-0.053644,
0.009866,-0.053644,
0.011859,-0.053448,
0.000*
%
%ADD35A18TS*%
G04 A19ts - edit.0.from.i274x.RoundRect.d45+inc1.0x0x00*
%AMA19TS*
4,1,36,
0.015795,-0.034744,
0.017735,-0.034156,
0.019522,-0.033201,
0.021089,-0.031916,
0.022375,-0.030349,
0.023329,-0.028561,
0.023917,-0.026623,
0.024114,-0.024630,
0.024114,0.024630,
0.023917,0.026623,
0.023329,0.028561,
0.022375,0.030349,
0.021089,0.031916,
0.019522,0.033201,
0.017735,0.034156,
0.015795,0.034744,
0.013803,0.034940,
-0.013803,0.034940,
-0.015795,0.034744,
-0.017735,0.034156,
-0.019522,0.033201,
-0.021089,0.031916,
-0.022375,0.030349,
-0.023329,0.028561,
-0.023917,0.026623,
-0.024114,0.024630,
-0.024114,-0.024630,
-0.023917,-0.026623,
-0.023329,-0.028561,
-0.022375,-0.030349,
-0.021089,-0.031916,
-0.019522,-0.033201,
-0.017735,-0.034156,
-0.015795,-0.034744,
-0.013803,-0.034940,
0.013803,-0.034940,
0.015795,-0.034744,
0.000*
%
%ADD36A19TS*%
G04 A20ts - edit.0.from.oval48.229x69.8826x0x00*
%AMA20TS*
4,1,34,
-0.024114,0.010826,
-0.024114,-0.010826,
-0.023651,-0.015530,
-0.022278,-0.020054,
-0.020050,-0.024223,
-0.017051,-0.027877,
-0.013397,-0.030876,
-0.009228,-0.033104,
-0.004704,-0.034477,
-0.000000,-0.034940,
0.004704,-0.034477,
0.009228,-0.033104,
0.013397,-0.030876,
0.017051,-0.027877,
0.020050,-0.024223,
0.022278,-0.020054,
0.023651,-0.015530,
0.024114,-0.010826,
0.024114,0.010826,
0.023651,0.015530,
0.022278,0.020054,
0.020050,0.024223,
0.017051,0.027877,
0.013397,0.030876,
0.009228,0.033104,
0.004704,0.034477,
0.000000,0.034940,
-0.004704,0.034477,
-0.009228,0.033104,
-0.013397,0.030876,
-0.017051,0.027877,
-0.020050,0.024223,
-0.022278,0.020054,
-0.023651,0.015530,
-0.024114,0.010826,
0.000*
%
%ADD37A20TS*%
G04 A21ts - edit.0.from.i274x.RoundRect.d47+inc1.0x0x00*
%AMA21TS*
4,1,36,
0.017741,-0.039574,
0.020603,-0.038706,
0.023242,-0.037295,
0.025555,-0.035397,
0.027453,-0.033084,
0.028863,-0.030446,
0.029731,-0.027583,
0.030022,-0.024630,
0.030022,0.024630,
0.029731,0.027583,
0.028863,0.030446,
0.027453,0.033084,
0.025555,0.035397,
0.023242,0.037295,
0.020603,0.038706,
0.017741,0.039574,
0.014787,0.039865,
-0.014787,0.039865,
-0.017741,0.039574,
-0.020603,0.038706,
-0.023242,0.037295,
-0.025555,0.035397,
-0.027453,0.033084,
-0.028863,0.030446,
-0.029731,0.027583,
-0.030022,0.024630,
-0.030022,-0.024630,
-0.029731,-0.027583,
-0.028863,-0.030446,
-0.027453,-0.033084,
-0.025555,-0.035397,
-0.023242,-0.037295,
-0.020603,-0.038706,
-0.017741,-0.039574,
-0.014787,-0.039865,
0.014787,-0.039865,
0.017741,-0.039574,
0.000*
%
%ADD38A21TS*%
G04 A22ts - edit.0.from.i274x.RoundRect.d48+inc1.0x0x00*
%AMA22TS*
4,1,36,
0.059055,-0.039479,
0.062841,-0.038331,
0.066330,-0.036466,
0.069389,-0.033956,
0.071899,-0.030897,
0.073764,-0.027408,
0.074912,-0.023622,
0.075298,-0.019709,
0.075298,0.019709,
0.074912,0.023622,
0.073764,0.027408,
0.071899,0.030897,
0.069389,0.033956,
0.066330,0.036466,
0.062841,0.038331,
0.059055,0.039479,
0.055142,0.039865,
-0.055142,0.039865,
-0.059055,0.039479,
-0.062841,0.038331,
-0.066330,0.036466,
-0.069389,0.033956,
-0.071899,0.030897,
-0.073764,0.027408,
-0.074912,0.023622,
-0.075298,0.019709,
-0.075298,-0.019709,
-0.074912,-0.023622,
-0.073764,-0.027408,
-0.071899,-0.030897,
-0.069389,-0.033956,
-0.066330,-0.036466,
-0.062841,-0.038331,
-0.059055,-0.039479,
-0.055142,-0.039865,
0.055142,-0.039865,
0.059055,-0.039479,
0.000*
%
%ADD39A22TS*%
%ADD40C,0.005906*%
*
G75*
G90*
*
G54D10*
G04 DEPTH 1*
%LPD*%
D10*
X1787293Y979417D03*
X1868002D03*
D11*
X806191Y891130D03*
Y1009240D03*
D12*
X1973513Y979417D03*
X2052254D03*
D13*
X1007372Y540047D03*
X849891D03*
D14*
X980994Y885322D03*
X1104025D03*
D15*
X1023907Y1029417D03*
X1152057D03*
D16*
X1442313Y1483059D03*
X1479714D03*
X1517116D03*
Y1572626D03*
X1479714D03*
X1442313D03*
D17*
X1437687Y257567D03*
Y134535D03*
D18*
X157434Y157432D03*
X2519638D03*
D17*
X1637293Y2050972D03*
Y2174004D03*
D19*
X1655009Y656582D03*
D20*
Y556582D03*
Y456582D03*
D14*
X2052352Y1134535D03*
X1929320D03*
D21*
X1173907Y253826D03*
D22*
X1333750Y850283D03*
X1451860D03*
D13*
X1192017Y2174693D03*
X1034537D03*
D12*
X1553828Y2344771D03*
X1475088D03*
D23*
X1516033Y670362D03*
Y542212D03*
D14*
X1230403Y1297527D03*
X1353435D03*
X2052352Y1331385D03*
X1929320D03*
D21*
X286112Y773511D03*
D14*
X1947726Y2056189D03*
X2070757D03*
D18*
X157434Y2519636D03*
D24*
X2041131Y1457763D03*
X1959439D03*
D21*
X1590049Y1186110D03*
D25*
X2446804Y1658416D03*
Y1707629D03*
Y1756841D03*
Y1806054D03*
D26*
X2572788Y1585581D03*
Y1878888D03*
D17*
X1367214Y673118D03*
Y550086D03*
D27*
X1305009Y1549397D03*
X1230206D03*
X1267608Y1475578D03*
D24*
X1541427Y421937D03*
X1459734D03*
D21*
X2130600Y847921D03*
D27*
X894773Y784043D03*
X819970D03*
X857372Y710224D03*
D28*
X1280600Y175086D03*
Y253826D03*
D19*
X806191Y1297527D03*
D20*
X906191D03*
X1006191D03*
D25*
X230268Y1412353D03*
Y1363140D03*
Y1313928D03*
Y1264715D03*
D26*
X104284Y1485188D03*
Y1191880D03*
D29*
X1050679Y2389653D03*
X823120D03*
D30*
X1064851Y2332762D03*
X1033355D03*
D31*
X986111D03*
X946741D03*
X927056D03*
X887686D03*
D30*
X840442D03*
X808945D03*
Y2332762D03*
X840442D03*
D31*
X868001D03*
X907371D03*
X966426D03*
X1005796D03*
D30*
X1033355D03*
X1064851D03*
D32*
X1106978Y2368787D03*
D33*
Y2533354D03*
D32*
X766820Y2368787D03*
D33*
Y2533354D03*
D28*
X991230Y759732D03*
Y680992D03*
D24*
X550285Y1114456D03*
X468592D03*
D28*
X1212883Y2462094D03*
Y2540834D03*
D21*
X282175Y547921D03*
D28*
X662490Y2459338D03*
Y2538078D03*
D24*
X1520167Y1376661D03*
X1438474D03*
D12*
X470364Y1211307D03*
X549104D03*
D28*
X1517214Y1796740D03*
Y1718000D03*
D14*
X806978Y1139653D03*
X930009D03*
D10*
X1320856Y75480D03*
X1240147D03*
D34*
X1658418Y230266D03*
X1707630D03*
X1756843D03*
X1806056D03*
D35*
X1585583Y104282D03*
X1878890D03*
D17*
X1219183Y672724D03*
Y549693D03*
D24*
X1950088Y1936110D03*
X2031781D03*
D28*
X548317Y969968D03*
Y891228D03*
D21*
X1316820Y1054614D03*
D36*
X884537Y319968D03*
D37*
X963277D03*
D28*
X1613671Y1543196D03*
Y1621937D03*
D18*
X2519638Y2519636D03*
D25*
X2446804Y871014D03*
Y920227D03*
Y969440D03*
Y1018652D03*
D26*
X2572788Y798180D03*
Y1091487D03*
D28*
X1613671Y1451464D03*
Y1372724D03*
D10*
X1744576Y2342803D03*
X1663868D03*
D38*
X2128238Y1818393D03*
X2037687D03*
D39*
Y1570362D03*
D38*
X1947135Y1818393D03*
D40*
X2677119Y157432D02*
G02X2519638Y-47I-157872J394D01*
Y2677117D02*
G02X2677119Y2519636I1J-157479D01*
X157434Y-49D02*
G02X-47Y157432I1J157482D01*
G01*
Y2519636D02*
Y157432D01*
Y2519636D02*
G02X157434Y2677119I157482J1D01*
G01*
X2677119Y157432D02*
Y2519636D01*
X157434Y-49D02*
X2519638D01*
Y2677117D02*
X157434D01*
D29*
X823120Y2389653D03*
X1050679D03*
G04 DEPTH 0*
M02*